SimulationSecond,ReceiveRate,PacketsReceived,NumberOfSinks,RoutingProtocol,TransmissionPower
0,0,0,10,OLSR,7.5
1,0,0,10,OLSR,7.5
2,0,0,10,OLSR,7.5
3,0,0,10,OLSR,7.5
4,0,0,10,OLSR,7.5
5,0,0,10,OLSR,7.5
6,0,0,10,OLSR,7.5
7,0,0,10,OLSR,7.5
8,0,0,10,OLSR,7.5
9,0,0,10,OLSR,7.5
10,0,0,10,OLSR,7.5
11,0,0,10,OLSR,7.5
12,0,0,10,OLSR,7.5
13,0,0,10,OLSR,7.5
14,0,0,10,OLSR,7.5
15,0,0,10,OLSR,7.5
16,0,0,10,OLSR,7.5
17,0,0,10,OLSR,7.5
18,0,0,10,OLSR,7.5
19,0,0,10,OLSR,7.5
20,0,0,10,OLSR,7.5
21,0,0,10,OLSR,7.5
22,0,0,10,OLSR,7.5
23,0,0,10,OLSR,7.5
24,0,0,10,OLSR,7.5
25,0,0,10,OLSR,7.5
26,0,0,10,OLSR,7.5
27,0,0,10,OLSR,7.5
28,0,0,10,OLSR,7.5
29,0,0,10,OLSR,7.5
30,0,0,10,OLSR,7.5
31,0,0,10,OLSR,7.5
32,0,0,10,OLSR,7.5
33,0,0,10,OLSR,7.5
34,0,0,10,OLSR,7.5
35,0,0,10,OLSR,7.5
36,0,0,10,OLSR,7.5
37,0,0,10,OLSR,7.5
38,0,0,10,OLSR,7.5
39,0,0,10,OLSR,7.5
40,0,0,10,OLSR,7.5
41,0,0,10,OLSR,7.5
42,0,0,10,OLSR,7.5
43,0,0,10,OLSR,7.5
44,0,0,10,OLSR,7.5
45,0,0,10,OLSR,7.5
46,0,0,10,OLSR,7.5
47,0,0,10,OLSR,7.5
48,0,0,10,OLSR,7.5
49,0,0,10,OLSR,7.5
50,0,0,10,OLSR,7.5
51,1.024,2,10,OLSR,7.5
52,3.072,6,10,OLSR,7.5
53,6.144,12,10,OLSR,7.5
54,6.656,13,10,OLSR,7.5
55,5.12,10,10,OLSR,7.5
56,2.048,4,10,OLSR,7.5
57,3.584,7,10,OLSR,7.5
58,3.072,6,10,OLSR,7.5
59,2.048,4,10,OLSR,7.5
60,2.048,4,10,OLSR,7.5
61,4.096,8,10,OLSR,7.5
62,4.096,8,10,OLSR,7.5
63,5.632,11,10,OLSR,7.5
64,6.144,12,10,OLSR,7.5
65,5.632,11,10,OLSR,7.5
66,8.704,17,10,OLSR,7.5
67,8.704,17,10,OLSR,7.5
68,7.68,15,10,OLSR,7.5
69,6.144,12,10,OLSR,7.5
